4008,4265
4001,4286
4007,4274
4009,4409
4003,4253
4004,4229
4005,4119
4012,4346
4020,4380
4014,4495
4018,4472
4020,4127
4016,4104
4016,4116
4028,4143
4025,4161
4028,4404
4021,4189
4026,4294
4024,4389
4029,4273
4032,4373
4033,4361
4033,4017
4039,4189
4036,4091
4032,4499
4040,4056
4045,4295
4044,4038
4050,4143
4050,4477
4050,4302
4045,4082
4042,4248
4055,4111
4059,4048
4054,4241
4051,4013
4060,4238
4055,4072
4060,4482
4068,4463
4065,4279
4061,4095
4065,4153
4063,4102
4064,4084
4064,4481
4080,4067
4072,4380
4078,4493
4079,4221
4072,4158
4077,4327
4072,4438
4086,4255
4084,4057
4088,4458
4087,4164
4085,4031
4081,4146
4087,4054
4095,4207
4095,4188
4099,4458
4098,4304
4096,4329
4092,4004
4096,4194
4101,4418
4106,4314
4109,4345
4109,4016
4101,4050
4101,4143
4108,4056
4114,4267
4118,4105
4118,4488
4116,4106
4112,4371
4114,4143
4118,4133
4123,4339
4124,4069
4130,4399
4130,4355
4122,4090
4128,4317
4126,4296
4132,4361
4136,4028
4138,4156
4134,4118
4137,4361
4140,4368
4134,4166
4141,4151
4147,4161
4146,4457
4144,4170
4149,4305
4144,4438
4143,4274
4154,4186
4153,4247
4155,4116
4151,4003
4153,4492
4158,4356
4154,4269
4170,4499
4166,4114
4168,4321
4169,4247
4165,4051
4161,4382
4161,4461
4174,4341
4180,4250
4176,4203
4176,4036
4177,4244
4174,4329
4174,4471
4188,4348
4182,4468
4183,4409
4181,4406
4183,4059
4188,4447
4184,4360
4191,4391
4200,4079
4196,4216
4192,4206
4196,4286
4197,4300
4195,4137
4201,4179
4206,4402
4203,4054
4202,4325
4208,4471
4210,4096
4205,4422
4219,4200
4213,4308
4219,4163
4214,4487
4217,4461
4214,4033
4211,4316
4229,4191
4226,4372
4221,4292
4222,4150
4221,4018
4224,4492
4223,4232
4240,4313
4238,4423
4235,4222
4233,4480
4232,4262
4235,4227
4233,4174
4250,4116
4247,4364
4248,4106
4249,4369
4243,4205
4245,4023
4241,4254
4260,4140
4255,4059
4255,4004
4258,4080
4258,4229
4253,4371
4255,4400
4270,4287
4266,4146
4261,4284
4263,4015
4265,4340
4269,4100
4270,4472
4276,4352
4275,4096
4280,4403
4272,4319
4276,4326
4275,4492
4276,4188
4287,4336
4289,4427
4283,4259
4281,4416
4290,4217
4286,4148
4282,4236
4296,4493
4294,4429
4296,4202
4292,4400
4295,4391
4294,4410
4294,4011
4308,4448
4304,4381
4306,4153
4309,4174
4307,4408
4310,4121
4308,4038
4320,4152
4315,4257
4317,4355
4315,4268
4311,4058
4315,4033
4319,4175
4321,4384
4330,4256
4328,4034
4328,4363
4321,4167
4328,4097
4323,4132
4336,4168
4339,4274
4338,4487
4335,4428
4331,4088
4337,4041
4332,4447
4343,4190
4350,4136
4341,4260
4349,4068
4343,4197
4346,4411
4347,4133
4358,4300
4358,4450
4357,4244
4353,4453
4353,4412
4353,4472
4356,4168
4362,4410
4361,4416
4369,4139
4367,4084
4367,4076
4361,4475
4362,4464
4373,4340
4376,4141
4379,4420
4379,4163
4377,4280
4378,4280
4374,4164
4386,4455
4383,4452
4388,4175
4385,4189
4385,4156
4384,4036
4383,4428
4397,4279
4393,4224
4395,4081
4400,4207
4391,4350
4400,4073
4400,4105
4409,4239
4409,4420
4407,4265
4404,4443
4409,4085
4405,4151
4404,4193
4417,4252
4417,4439
4418,4303
4411,4046
4418,4468
4416,4362
4420,4180
4429,4352
4423,4172
4429,4026
4427,4291
4429,4436
4427,4035
4421,4314
4431,4013
4433,4140
4431,4470
4440,4248
4433,4192
4432,4182
4433,4374
4446,4358
4450,4007
4446,4057
4447,4068
4442,4086
4448,4182
4450,4403
4457,4048
4455,4365
4455,4265
4454,4216
4453,4419
4453,4286
4459,4267
4467,4209
4469,4402
4469,4438
4467,4234
4470,4372
4462,4054
4462,4448
4473,4372
4479,4301
4471,4411
4475,4051
4471,4149
4478,4074
4472,4391
4484,4002
4481,4035
4488,4209
4483,4453
4485,4243
4483,4491
4481,4283
4491,4053
4497,4034
4495,4381
4491,4112
4499,4049
4499,4020
4492,4457
