501,508
504,509
506,505
502,506
501,505
503,509
510,507
518,514
515,519
513,517
512,518
511,517
512,514
516,519
525,529
527,530
524,528
524,526
529,528
525,528
530,523
538,531
531,537
532,535
538,540
531,535
540,539
531,534
549,542
549,548
547,549
542,549
544,550
546,541
541,548
559,554
554,558
551,553
556,555
552,560
552,557
558,557
566,563
565,564
570,565
561,570
566,561
567,566
569,564
573,576
576,571
571,580
577,578
577,580
579,576
574,577
590,586
588,590
585,586
585,589
583,584
590,587
584,581
591,594
592,600
600,599
597,598
597,591
597,595
600,595
607,610
609,602
609,605
601,603
602,607
604,605
610,607
619,617
611,616
617,611
613,615
612,613
614,620
617,612
627,621
624,623
621,630
623,625
622,626
625,622
629,626
639,638
633,638
631,634
638,633
636,632
634,640
633,636
646,648
650,641
642,647
648,642
643,644
646,650
641,647
656,660
654,651
660,654
656,658
660,655
659,652
656,654
669,668
665,668
665,666
670,665
669,662
667,668
664,667
676,671
671,674
673,674
678,671
673,671
672,675
675,673
685,683
687,688
683,684
690,686
688,690
687,690
689,683
699,696
695,700
695,699
691,696
700,695
700,692
692,699
702,704
703,704
705,702
704,702
706,707
705,701
710,708
718,713
719,713
711,720
714,716
713,716
716,715
719,716
729,721
726,727
723,728
726,724
723,730
727,724
725,727
736,731
734,733
740,737
738,733
732,735
735,736
734,737
741,749
746,748
747,742
742,749
748,743
743,741
744,742
752,756
751,756
756,755
755,759
754,757
754,753
752,759
761,764
765,763
762,768
770,764
761,770
769,767
767,764
778,775
778,780
776,777
771,772
772,775
780,779
773,778
790,781
789,785
781,789
781,782
783,786
784,781
785,790
800,799
791,795
799,795
798,791
799,796
798,794
798,792
805,807
810,806
810,801
807,806
803,804
810,808
809,803
817,819
819,816
817,814
813,812
818,813
815,818
815,814
827,826
824,830
827,823
824,827
824,823
826,823
825,829
839,834
838,831
836,832
832,840
836,839
831,838
833,832
843,841
842,845
846,843
841,849
841,848
841,843
844,841
852,853
857,852
851,854
853,852
852,855
852,860
852,857
866,867
865,870
864,870
870,861
867,863
868,864
862,870
874,875
877,873
875,879
871,876
879,871
877,871
877,875
888,884
890,882
885,881
886,888
881,884
888,890
882,881
898,892
899,897
891,895
892,899
892,897
899,893
898,893
901,909
909,910
903,905
905,906
904,908
903,907
902,908
920,919
911,914
915,919
911,920
911,913
915,917
917,916
922,928
929,923
927,926
923,925
925,929
924,928
922,923
937,934
937,938
935,939
931,939
937,932
932,937
934,936
948,941
948,946
943,950
941,947
944,947
948,943
945,946
959,960
958,951
952,959
959,955
954,955
954,956
952,954
966,970
966,967
970,968
967,968
963,966
968,965
968,962
976,974
972,973
976,977
975,976
978,980
976,979
979,974
987,989
981,990
990,987
988,987
982,981
984,990
983,984
995,992
993,991
996,999
997,999
999,992
997,994
993,998
